18 18
255 255 255 0
0 0 0 10
255 255 0 110
255 0 0 111
-
0 24
10 6
0 10
10 3
111 1
110 2
111 1
10 3
0 7
10 2
111 3
110 2
111 3
10 2
0 5
10 2
110 1
111 2
110 4
111 2
110 1
10 2
0 4
10 1
111 1
110 10
111 1
10 1
0 3
10 2
111 2
110 2
111 4
110 2
111 2
10 2
0 2
10 1
111 3
110 1
111 6
110 1
111 3
10 1
0 2
10 1
111 3
110 1
111 6
110 1
111 3
10 1
0 2
10 1
111 2
110 2
111 6
110 2
111 2
10 1
0 2
10 1
110 5
111 4
110 5
10 1
0 2
10 1
110 2
10 10
110 2
10 1
0 2
10 4
0 2
10 1
0 2
10 1
0 2
10 4
0 3
10 2
0 3
10 1
0 2
10 1
0 3
10 2
0 5
10 1
0 10
10 1
0 6
10 2
0 8
10 2
0 7
10 10
0 22
