18 18
255 255 255 0
0 0 0 10
255 255 0 110
255 0 0 111
-
0
0
0
0
0
0
0
0
0
0
0
0
0
0
0
0
0
0
0
0
0
0
0
0
10
10
10
10
10
10
0
0
0
0
0
0
0
0
0
0
10
10
10
111
110
110
111
10
10
10
0
0
0
0
0
0
0
10
10
111
111
111
110
110
111
111
111
10
10
0
0
0
0
0
10
10
110
111
111
110
110
110
110
111
111
110
10
10
0
0
0
0
10
111
110
110
110
110
110
110
110
110
110
110
111
10
0
0
0
10
10
111
111
110
110
111
111
111
111
110
110
111
111
10
10
0
0
10
111
111
111
110
111
111
111
111
111
111
110
111
111
111
10
0
0
10
111
111
111
110
111
111
111
111
111
111
110
111
111
111
10
0
0
10
111
111
110
110
111
111
111
111
111
111
110
110
111
111
10
0
0
10
110
110
110
110
110
111
111
111
111
110
110
110
110
110
10
0
0
10
110
110
10
10
10
10
10
10
10
10
10
10
110
110
10
0
0
10
10
10
10
0
0
10
0
0
10
0
0
10
10
10
10
0
0
0
10
10
0
0
0
10
0
0
10
0
0
0
10
10
0
0
0
0
0
10
0
0
0
0
0
0
0
0
0
0
10
0
0
0
0
0
0
10
10
0
0
0
0
0
0
0
0
10
10
0
0
0
0
0
0
0
10
10
10
10
10
10
10
10
10
10
0
0
0
0
0
0
0
0
0
0
0
0
0
0
0
0
0
0
0
0
0
0
